0
171
351
530
711
890
1069
1249
1428
1608
1788
1968
2148
2326
2506
2686
2865
3045
3224
3404
3583
3763
3943
4123
4302
4482
4662
4841
5020
5200
5380
5559
5739
5918
6098
6278
6479
6651
6816
6997
7176
7356
7535
7760
7894
8074
8254
8434
8613
8792
8972
9151
9331
9511
9690
9870
10049
10229
10409
10589
10768
10948
11127
11307
11486
11666
11845
12025
12205
12384
12564
12744
12923
13103
13282
13462
13641
13821
14001
14180
14360
14539
14720
14899
15078
15258
15438
15620
15798
15977
16156
16336
16515
16695
16874
17054
17234
17413
17593
17773
17953
18134
18313
18493
18674
18853
19033
19212
19392
19572
19751
19931
20110
20290
20470
20650
20829
21009
21189
21368
21548
21728
21908
22087
22268
22446
22626
22806
22985
23165
23345
23524
23704
23883
24069
24244
24424
24604
24783
24963
25142
25322
25497
25681
25855
26037
26217
26396
26576
26756
26935
27115
27295
27474
27654
27834
28013
28192
28373
28553
28732
28912
29092
29271
29448
29630
29806
29988
30168
30348
30528
30708
30886
31066
31246
31425
31605
31785
31964
32144
32324
32504
32685
32863
33043
33223
33402
33581
33761
33941
34120
34300
34477
34658
34838
35017
35197
35376
35556
35735
35915
36094
36275
36454
36635
36814
36994
37173
37353
37529
37711
37892
38071
38251
38430
38611
38790
38971
39150
39329
39509
39689
39868
40048
40223
40405
40585
40764
40944
41124
41304
41484
41663
41843
42023
42202
42381
42561
42741
42921
43098
43280
43460
43640
43820
43998
44179
44354
44537
44716
44895
45076
45255
45435
45614
45794
45974
46153
46333
46513
46693
46872
47052
47231
47409
47591
47770
47947
48126
48307
48486
48666
48846
49026
49206
49385
49563
49745
49925
50105
50284
50464
50644
50823
51003
51182
51362
51542
51721
51901
52078
52261
52440
52620
52800
52979
53159
53339
53518
53698
53877
54057
54236
54416
54596
54778
54956
55136
55316
55495
55675
55854
56034
56215
56390
56570
56749
56929
57108
57289
57468
57648
57828
58008
58187
58367
58547
58726
58906
59085
59265
59445
59624
59804
59984
60163
60343
60523
60702
60881
61057
61239
61419
61598
61778
61955
62138
62318
62498
62678
62857
63036
63216
63396
63571
63754
63933
64113
64293
64473
64652
64832
65011
65191
65370
65550
65730
65910
66090
66269
66449
66627
66809
66988
67168
67347
67527
67706
67886
68065
68241
68424
68603
68782
68962
69142
69321
69501
69680
69860
70039
70219
70399
70579
70759
70938
71118
71297
71477
71656
71836
72016
72195
72375
72555
72734
72914
73094
73274
73454
73634
73813
73993
74172
74351
74532
74710
74889
75069
75248
75428
75608
75787
75967
76144
76324
76506
76686
76865
77045
77225
77404
77584
77764
77944
78124
78303
78483
78662
78842
79021
79201
79380
79559
79738
79918
80098
80278
80458
80637
80816
80996
81175
81355
81535
81715
81894
82074
82253
82434
82613
82790
82970
83151
83330
83510
83690
83870
84050
84229
84423
84589
84768
84948
85127
85307
85486
85663
85844
86026
86205
86383
86565
86744
86924
87104
87283
87459
87641
87820
88000
88180
88359
88539
88718
88898
89078
89258
89437
89617
89796
89976
90156
90335
90515
90695
90875
91054
91234
91414
91594
91773
91953
92133
92312
92492
92672
92851
93031
93210
93390
93570
93749
93925
94107
94286
94466
94646
94826
95005
95185
95365
95540
95723
95903
96083
96261
96443
96622
96801
96981
97160
97341
97520
97696
97879
98059
98239
98419
98598
98777
98957
99136
99316
99496
99676
99855
100035
100215
100395
100574
100754
100933
101109
101291
101470
101650
101829
102009
102189
102368
102549
102728
102908
103087
103267
103446
103626
103806
103985
104165
104345
104525
104704
104884
105064
105244
105423
105603
105782
105962
106138
106321
106501
106680
106860
107039
107219
107399
107574
107756
107933
108114
108294
108474
108654
108834
109013
109194
109373
109553
109733
109912
110091
110271
110451
110630
110810
110990
111170
111349
111530
111709
111889
112069
112248
112428
112607
112787
112966
113144
113324
113504
113683
113863
114040
114223
114403
114597
114759
114942
115121
115301
115479
115660
115840
116020
116199
116379
116559
116738
116918
117097
117277
117456
117636
117816
117995
118175
118355
118534
118710
118892
119072
119251
119430
119610
119790
119970
120150
120329
120509
120689
120868
121048
121228
121408
121586
121765
121943
122124
122328
122484
122663
122844
123023
123203
123383
123562
123741
123921
124101
124280
124461
124640
124820
125000
125180
125359
125539
125718
125900
126080
126257
126439
126618
126792
126974
127154
127331
127513
127693
127872
128052
128231
128412
128591
128770
128950
129130
129309
129489
129669
129848
130028
130208
130388
130567
130746
130926
131106
131285
131465
131645
131825
132005
132184
132364
132543
132723
132903
133081
133261
133441
133621
133800
133983
134159
134342
134520
134697
134877
135056
135236
135416
135596
135774
135954
136134
136315
136494
136673
136853
137033
137212
137391
137571
137751
137931
138110
138290
138470
138649
138826
139009
139185
139368
139544
139726
139905
140085
140265
140445
140624
140803
140983
141163
141343
141522
141702
141881
142061
142241
142421
142600
142780
142960
143139
143319
143500
143679
143858
144038
144218
144398
144576
144756
144936
145115
145295
145475
145654
145834
146010
146191
146371
146551
146731
146910
147090
147270
147449
147625
147807
147988
148167
148348
148527
148706
148886
149065
149245
149425
149604
149784
149964
150144
150324
150503
150683
150860
151042
151221
151401
151581
151761
151940
152120
152300
152479
152659
152839
153018
153194
153376
153555
153735
153912
154094
154274
154453
154633
154813
154993
155172
155352
155531
155711
155891
156070
156250
156427
156606
156789
156969
157149
157329
157508
157688
157867
158043
158225
158405
158584
158764
158944
159124
159303
159483
159663
159842
160021
160201
160381
160560
160739
160920
161099
161279
161459
161639
161818
161998
162178
162358
162537
162717
162895
163076
163255
163435
163615
163794
163974
164154
164329
164511
164691
164870
165050
165230
165410
165589
165769
165948
166128
166308
166487
166666
166846
167026
167206
167387
167565
167745
167922